3,1
3,3
10,147
10,9
10,151
10,213
10,159
10,185
10,207
10,165
9,5
9,2
9,3
8,12
8,14
8,8
8,10
40,3
40,2
40,1
40,0
39,3
39,2
39,1
39,0
35,3
35,2
35,1
34,3
34,2
34,1
20,3
20,2
20,1
19,2
19,3
19,1
12,3
12,2
12,1
11,30
11,29
11,28
11,27
11,26
11,25
11,24
11,23
11,22
11,21
11,20
11,19
11,18
11,17
11,16
11,15
11,14
11,13
11,12
11,11
11,10
11,9
11,8
11,7
11,6
11,5
11,4
11,3
11,2
11,1
10,314
10,309
10,307
10,303
10,302
10,300
10,293
10,292
10,291
10,288
10,281
10,276
10,273
10,269
10,268
10,246
10,232
10,208
10,174
18,1
10,146
18,3
10,132
